{
 "cells": [
  {
   "cell_type": "code",
   "execution_count": 2,
   "metadata": {},
   "outputs": [],
   "source": [
    "import numpy as np"
   ]
  },
  {
   "cell_type": "code",
   "execution_count": 14,
   "metadata": {},
   "outputs": [],
   "source": [
    "pz=np.random.rand(5)\n",
    "py=np.random.rand(5,4)\n",
    "px=np.random.rand(5,10)"
   ]
  },
  {
   "cell_type": "code",
   "execution_count": 16,
   "metadata": {},
   "outputs": [
    {
     "data": {
      "text/plain": [
       "array([[[2.45108928e-02, 2.99506530e-04, 2.31333862e-02, 4.99074065e-02,\n",
       "         1.18653061e-03],\n",
       "        [7.97867833e-03, 2.00299972e-03, 7.84694042e-03, 1.01932902e-01,\n",
       "         1.65056561e-02],\n",
       "        [4.36510052e-02, 2.84585521e-03, 9.46126200e-03, 1.07215363e-01,\n",
       "         1.26285435e-02],\n",
       "        [4.90093770e-03, 2.89040924e-03, 1.73975319e-02, 1.43086736e-02,\n",
       "         3.21118452e-02],\n",
       "        [1.49120691e-02, 1.37478025e-03, 1.26483113e-02, 4.57206638e-02,\n",
       "         2.64914665e-02],\n",
       "        [3.28787823e-02, 3.54737288e-04, 1.86151365e-02, 6.16108182e-02,\n",
       "         2.02911771e-02],\n",
       "        [1.66584987e-02, 3.25385472e-03, 3.62775112e-03, 2.45794874e-02,\n",
       "         3.52814427e-02],\n",
       "        [4.08133173e-02, 2.87239593e-03, 2.30685400e-02, 6.50884295e-02,\n",
       "         1.73331887e-02],\n",
       "        [1.16835568e-02, 1.20313685e-03, 2.25596634e-02, 8.26526049e-02,\n",
       "         1.08102890e-02],\n",
       "        [4.11886840e-02, 9.17599131e-04, 1.95885957e-04, 5.24439689e-02,\n",
       "         2.29313730e-02]],\n",
       "\n",
       "       [[2.26135393e-02, 1.05075257e-03, 5.49217741e-01, 1.16743317e-01,\n",
       "         2.05353426e-03],\n",
       "        [7.36106011e-03, 7.02708255e-03, 1.86296933e-01, 2.38441263e-01,\n",
       "         2.85664185e-02],\n",
       "        [4.02720425e-02, 9.98405507e-03, 2.24623101e-01, 2.50797986e-01,\n",
       "         2.18562811e-02],\n",
       "        [4.52156303e-03, 1.01403630e-02, 4.13040836e-01, 3.34708238e-02,\n",
       "         5.55761253e-02],\n",
       "        [1.37577469e-02, 4.82311315e-03, 3.00287943e-01, 1.06949696e-01,\n",
       "         4.58489088e-02],\n",
       "        [3.03336822e-02, 1.24451750e-03, 4.41948409e-01, 1.44119916e-01,\n",
       "         3.51180380e-02],\n",
       "        [1.53689879e-02, 1.14154313e-02, 8.61276968e-02, 5.74962934e-02,\n",
       "         6.10617630e-02],\n",
       "        [3.76540161e-02, 1.00771673e-02, 5.47678204e-01, 1.52254739e-01,\n",
       "         2.99986332e-02],\n",
       "        [1.07791492e-02, 4.22094016e-03, 5.35596788e-01, 1.93340827e-01,\n",
       "         1.87094193e-02],\n",
       "        [3.80003261e-02, 3.21919408e-03, 4.65059642e-03, 1.22676839e-01,\n",
       "         3.96874379e-02]],\n",
       "\n",
       "       [[7.88566617e-03, 5.18627264e-03, 3.44469216e-01, 2.13939279e-01,\n",
       "         2.68616696e-03],\n",
       "        [2.56690747e-03, 3.46840607e-02, 1.16845385e-01, 4.36958221e-01,\n",
       "         3.73668807e-02],\n",
       "        [1.40434401e-02, 4.92789958e-02, 1.40883547e-01, 4.59602672e-01,\n",
       "         2.85895499e-02],\n",
       "        [1.57673402e-03, 5.00504959e-02, 2.59059099e-01, 6.13373349e-02,\n",
       "         7.26974731e-02],\n",
       "        [4.79752408e-03, 2.38057754e-02, 1.88340515e-01, 1.95991869e-01,\n",
       "         5.99735912e-02],\n",
       "        [1.05777910e-02, 6.14265168e-03, 2.77189920e-01, 2.64108575e-01,\n",
       "         4.59368589e-02],\n",
       "        [5.35938698e-03, 5.63439392e-02, 5.40192677e-02, 1.05365480e-01,\n",
       "         7.98730723e-02],\n",
       "        [1.31304966e-02, 4.97385763e-02, 3.43503619e-01, 2.79016135e-01,\n",
       "         3.92403181e-02],\n",
       "        [3.75884426e-03, 2.08335883e-02, 3.35926158e-01, 3.54308909e-01,\n",
       "         2.44732337e-02],\n",
       "        [1.32512599e-02, 1.58892004e-02, 2.91685279e-03, 2.24812822e-01,\n",
       "         5.19139546e-02]],\n",
       "\n",
       "       [[1.69634710e-02, 5.42597811e-04, 3.25043417e-01, 2.12165008e-01,\n",
       "         9.87484470e-04],\n",
       "        [5.52187468e-03, 3.62871309e-03, 1.10256074e-01, 4.33334378e-01,\n",
       "         1.37367539e-02],\n",
       "        [3.02099383e-02, 5.15566325e-03, 1.32938641e-01, 4.55791031e-01,\n",
       "         1.05100454e-02],\n",
       "        [3.39183542e-03, 5.23637908e-03, 2.44449869e-01, 6.08286436e-02,\n",
       "         2.67249307e-02],\n",
       "        [1.03203279e-02, 2.49060597e-03, 1.77719349e-01, 1.94366442e-01,\n",
       "         2.20473972e-02],\n",
       "        [2.27547105e-02, 6.42656025e-04, 2.61558232e-01, 2.61918233e-01,\n",
       "         1.68872358e-02],\n",
       "        [1.15289950e-02, 5.89481121e-03, 5.09729363e-02, 1.04491648e-01,\n",
       "         2.93628132e-02],\n",
       "        [2.82460345e-02, 5.20374545e-03, 3.24132274e-01, 2.76702160e-01,\n",
       "         1.44254640e-02],\n",
       "        [8.08594282e-03, 2.17965005e-03, 3.16982132e-01, 3.51370504e-01,\n",
       "         8.99681167e-03],\n",
       "        [2.85058179e-02, 1.66235868e-03, 2.75236148e-03, 2.22948373e-01,\n",
       "         1.90845263e-02]]])"
      ]
     },
     "execution_count": 16,
     "metadata": {},
     "output_type": "execute_result"
    }
   ],
   "source": [
    "pz_xy=pz[None, None, :]*py.T[:, None, :]*px.T[None, :, :]\n",
    "pz_xy"
   ]
  },
  {
   "cell_type": "code",
   "execution_count": 19,
   "metadata": {},
   "outputs": [
    {
     "data": {
      "text/plain": [
       "array([[[0.24749047, 0.00302417, 0.23358156, 0.5039232 , 0.01198059],\n",
       "        [0.05855173, 0.01469906, 0.05758496, 0.74803709, 0.12112716],\n",
       "        [0.24829637, 0.01618784, 0.05381771, 0.6098642 , 0.07183389],\n",
       "        [0.06843987, 0.04036355, 0.2429504 , 0.19981558, 0.4484306 ],\n",
       "        [0.14742925, 0.01359186, 0.12504844, 0.45202065, 0.2619098 ],\n",
       "        [0.24582147, 0.00265223, 0.13917791, 0.46063939, 0.151709  ],\n",
       "        [0.19973971, 0.03901456, 0.04349768, 0.29471442, 0.42303363],\n",
       "        [0.27359195, 0.0192551 , 0.15463989, 0.43632009, 0.11619298],\n",
       "        [0.09063397, 0.00933321, 0.17500422, 0.64116892, 0.08385968],\n",
       "        [0.35001322, 0.00779757, 0.0016646 , 0.44565838, 0.19486623]],\n",
       "\n",
       "       [[0.0326937 , 0.00151913, 0.79403572, 0.16878254, 0.00296891],\n",
       "        [0.01573909, 0.015025  , 0.39833187, 0.50982458, 0.06107945],\n",
       "        [0.07355175, 0.0182346 , 0.41024543, 0.45805052, 0.03991771],\n",
       "        [0.00875001, 0.01962335, 0.7993054 , 0.06477183, 0.10754941],\n",
       "        [0.02916832, 0.01022567, 0.63665188, 0.22674812, 0.09720601],\n",
       "        [0.04646956, 0.00190653, 0.67704106, 0.22078392, 0.05379893],\n",
       "        [0.06639727, 0.04931707, 0.37208983, 0.24839612, 0.2637997 ],\n",
       "        [0.04841947, 0.01295827, 0.70426184, 0.19578505, 0.03857538],\n",
       "        [0.01413386, 0.00553459, 0.70228651, 0.25351282, 0.02453221],\n",
       "        [0.18248823, 0.01545947, 0.02233347, 0.58912861, 0.19059022]],\n",
       "\n",
       "       [[0.01373411, 0.0090327 , 0.59994645, 0.37260837, 0.00467838],\n",
       "        [0.00408469, 0.05519236, 0.18593475, 0.69532671, 0.0594615 ],\n",
       "        [0.02028232, 0.07117147, 0.20347185, 0.66378374, 0.04129062],\n",
       "        [0.00354544, 0.11254355, 0.58252032, 0.13792314, 0.16346755],\n",
       "        [0.0101447 , 0.05033899, 0.3982593 , 0.41443862, 0.12681839],\n",
       "        [0.01751418, 0.0101707 , 0.4589573 , 0.43729786, 0.07605997],\n",
       "        [0.01780757, 0.18721333, 0.17948917, 0.35009662, 0.2653933 ],\n",
       "        [0.0181203 , 0.06864004, 0.47404058, 0.3850468 , 0.05415228],\n",
       "        [0.00508432, 0.02818013, 0.45438364, 0.47924869, 0.03310322],\n",
       "        [0.04291432, 0.05145732, 0.00944625, 0.72805831, 0.1681238 ]],\n",
       "\n",
       "       [[0.0305262 , 0.00097642, 0.58492399, 0.38179639, 0.001777  ],\n",
       "        [0.00974773, 0.00640575, 0.19463441, 0.76496269, 0.02424941],\n",
       "        [0.04760429, 0.0081242 , 0.20948239, 0.71822756, 0.01656155],\n",
       "        [0.00995749, 0.01537256, 0.71763697, 0.17857601, 0.07845698],\n",
       "        [0.02536055, 0.00612027, 0.43671684, 0.4776244 , 0.05417795],\n",
       "        [0.04036233, 0.00113994, 0.46395228, 0.46459085, 0.0299546 ],\n",
       "        [0.05700334, 0.02914599, 0.25202785, 0.5166429 , 0.14517992],\n",
       "        [0.04354187, 0.00802169, 0.49965691, 0.42654236, 0.02223716],\n",
       "        [0.0117594 , 0.00316987, 0.46098778, 0.51099886, 0.01308408],\n",
       "        [0.10367507, 0.00604596, 0.01001028, 0.81085865, 0.06941003]]])"
      ]
     },
     "execution_count": 19,
     "metadata": {},
     "output_type": "execute_result"
    }
   ],
   "source": [
    "pz_xy /= np.sum(pz_xy, axis=2)[:, :, None]\n",
    "pz_xy"
   ]
  },
  {
   "cell_type": "code",
   "execution_count": 5,
   "metadata": {},
   "outputs": [
    {
     "data": {
      "text/plain": [
       "array([[3.83666699e-01, 6.73549756e-01, 8.34419268e-01, 6.96123617e-02,\n",
       "        1.71988532e-01, 2.92486093e-01, 4.53560399e-01, 8.21951773e-01,\n",
       "        3.43871943e-01, 7.22624215e-01, 2.32294830e-01, 3.65778415e-01,\n",
       "        9.25240543e-04, 1.06335984e-01, 2.79530445e-01, 2.53987413e-01,\n",
       "        4.23420127e-01, 8.78028573e-01, 5.95257352e-01, 3.30705187e-01,\n",
       "        5.94535139e-01, 1.36782979e-01, 3.33357613e-01, 3.77524528e-01,\n",
       "        1.68590885e-01, 5.86439375e-01, 3.71066443e-01, 3.52279653e-02,\n",
       "        9.81298499e-01, 9.12753353e-01, 2.68177687e-01, 7.90347841e-01,\n",
       "        2.33854344e-02, 2.96258073e-01, 5.59028776e-01, 4.80667772e-01,\n",
       "        9.03265948e-01, 2.18557375e-01, 8.37418584e-01, 3.81680058e-01,\n",
       "        5.05526258e-01, 9.46001734e-01, 5.87884205e-01, 3.60248847e-01,\n",
       "        5.23792437e-02, 5.58429355e-01, 3.19664818e-01, 9.24235007e-01,\n",
       "        9.85590602e-01, 4.75443536e-01, 3.90097964e-01, 5.08198938e-02,\n",
       "        4.68148169e-02, 9.07102632e-01, 7.11756999e-01, 3.25179310e-01,\n",
       "        1.05909828e-01, 8.86563514e-01, 3.19951632e-01, 4.75866140e-01,\n",
       "        6.16776798e-01, 9.27357985e-01, 7.94267879e-01, 8.45931168e-01,\n",
       "        9.05669057e-01, 2.28303130e-01, 9.94395684e-01, 1.23000250e-01,\n",
       "        5.98419008e-01, 7.36601041e-01, 8.79730806e-01, 1.01418728e-01,\n",
       "        2.28965088e-01, 7.38197397e-01, 7.84631132e-02, 2.22752535e-02,\n",
       "        8.66263403e-01, 4.44110072e-01, 1.74739615e-01, 8.48852938e-01,\n",
       "        7.47691416e-01, 9.61763025e-01, 6.49581846e-01, 2.83573229e-01,\n",
       "        6.63175664e-01, 1.78102852e-01, 3.41961925e-01, 1.44143479e-01,\n",
       "        4.24218439e-01, 4.16658605e-01, 3.71873836e-01, 8.01626351e-01,\n",
       "        5.90348644e-01, 1.30818290e-01, 8.40341750e-01, 6.74080452e-01,\n",
       "        6.27544596e-01, 7.08576046e-01, 4.66998147e-01, 4.78031263e-01,\n",
       "        1.38232283e-01, 5.14635978e-02, 4.32779761e-01, 8.96226944e-01,\n",
       "        3.72661543e-01, 5.70909000e-01, 8.36704518e-01, 1.51885116e-01,\n",
       "        6.92252642e-01, 5.85508215e-02, 1.22503460e-01, 7.63147406e-01,\n",
       "        7.82877278e-01, 3.63097091e-01, 1.71480981e-01, 2.87747884e-01,\n",
       "        5.23708023e-01, 6.67416646e-01, 1.93648574e-01, 5.06611604e-01,\n",
       "        8.50143358e-01, 1.99117403e-01, 7.16293192e-01, 3.30185511e-01,\n",
       "        3.06873382e-02, 6.06103209e-01, 5.89355652e-01, 9.69012047e-01,\n",
       "        2.31464770e-01, 5.16192088e-01, 5.82156724e-01, 8.67258598e-04,\n",
       "        8.79463879e-01, 7.88104857e-01, 1.50692595e-01, 9.97848053e-01,\n",
       "        9.77700134e-01, 9.75264373e-01, 6.61173661e-01, 3.82853665e-01,\n",
       "        6.91121450e-01, 3.17848513e-01, 8.28417456e-01, 6.52277995e-01,\n",
       "        3.44451878e-01, 2.18563189e-01, 1.32274402e-01, 4.34598741e-01,\n",
       "        1.05573530e-02, 9.29136939e-01],\n",
       "       [2.60837452e-01, 9.34700728e-01, 7.01687734e-01, 3.27814391e-01,\n",
       "        1.10405685e-01, 9.39596828e-01, 6.23292915e-01, 4.25346939e-01,\n",
       "        3.32708569e-01, 1.28210966e-01, 6.87535484e-01, 7.43962830e-01,\n",
       "        2.97908530e-02, 4.02777434e-01, 1.04910796e-01, 1.86548196e-01,\n",
       "        6.92826516e-01, 5.38022723e-01, 5.37597318e-01, 9.26654364e-01,\n",
       "        9.47910773e-01, 8.22068040e-01, 9.92667031e-01, 6.74146345e-04,\n",
       "        6.17203394e-01, 4.64542759e-01, 3.76743807e-01, 9.26789362e-01,\n",
       "        3.12296223e-02, 7.42261833e-01, 5.55082119e-01, 1.11347897e-01,\n",
       "        1.06258178e-01, 6.63193020e-01, 2.84598769e-01, 9.27537763e-01,\n",
       "        3.78538373e-01, 4.27906879e-01, 6.90140898e-01, 5.32410957e-01,\n",
       "        9.02527433e-01, 6.88414581e-01, 5.87862279e-02, 3.08760313e-01,\n",
       "        2.58310233e-01, 1.51376663e-01, 9.89640650e-01, 5.94649741e-01,\n",
       "        3.04457741e-01, 5.69260112e-01, 3.59203340e-01, 5.98102803e-01,\n",
       "        6.44640675e-01, 9.80137217e-01, 1.41013223e-01, 9.86313825e-01,\n",
       "        9.67430950e-01, 7.89144701e-01, 7.19548874e-01, 6.11124167e-01,\n",
       "        8.22969639e-01, 1.81650304e-01, 9.68139695e-01, 7.14564078e-01,\n",
       "        2.28484087e-01, 3.08344236e-02, 2.54175807e-01, 7.68332093e-01,\n",
       "        2.12550849e-01, 7.81142887e-01, 7.02993973e-01, 8.09945294e-01,\n",
       "        5.31963123e-01, 1.16134596e-02, 8.94633018e-01, 2.35141645e-01,\n",
       "        1.66434930e-01, 9.80627645e-01, 1.53212433e-01, 3.10492312e-01,\n",
       "        2.00200163e-01, 3.80583578e-01, 4.48527944e-01, 4.65989661e-01,\n",
       "        1.51708823e-02, 6.29038356e-01, 7.06493291e-01, 7.67969987e-01,\n",
       "        1.20055858e-01, 8.83483585e-01, 1.26288374e-01, 9.16998593e-01,\n",
       "        8.55196879e-01, 2.72930308e-01, 2.48123445e-01, 1.42503363e-01,\n",
       "        2.86503544e-01, 6.22644370e-01, 8.70204667e-01, 9.05123077e-01,\n",
       "        4.77227109e-01, 6.68121695e-01, 2.37557229e-01, 9.00588318e-01,\n",
       "        7.73501157e-02, 8.76296802e-01, 8.12043940e-02, 2.27162538e-01,\n",
       "        6.20210417e-01, 9.14557193e-01, 7.45259942e-01, 1.52468243e-01,\n",
       "        3.78940836e-01, 3.47075378e-01, 6.02095606e-01, 3.53682555e-01,\n",
       "        4.49544649e-01, 6.31828892e-01, 7.78673940e-01, 7.43351253e-01,\n",
       "        8.26045405e-01, 6.15708968e-01, 5.65407926e-01, 9.79665988e-01,\n",
       "        8.13938686e-01, 3.86420589e-01, 3.14039104e-01, 3.97446697e-01,\n",
       "        4.06833329e-01, 5.18817251e-01, 3.49191356e-01, 3.75752069e-01,\n",
       "        5.13764865e-01, 7.28773279e-01, 3.45706959e-01, 5.08622201e-01,\n",
       "        7.75565632e-01, 2.84282391e-01, 3.83196428e-01, 8.02544669e-01,\n",
       "        9.62289924e-01, 7.42873420e-01, 7.25811766e-01, 8.39898563e-01,\n",
       "        6.79027247e-01, 1.77108039e-01, 6.74801161e-01, 3.07106021e-01,\n",
       "        5.09183705e-02, 4.06548223e-01],\n",
       "       [3.79889454e-02, 3.55574199e-01, 3.41307779e-01, 2.66159231e-01,\n",
       "        4.02958596e-02, 6.72677771e-01, 6.62646925e-01, 8.36762285e-02,\n",
       "        8.05057248e-01, 3.44890950e-01, 2.70421811e-01, 3.84825136e-01,\n",
       "        2.85064181e-01, 3.51271770e-01, 4.37481756e-02, 1.77508728e-01,\n",
       "        3.40030748e-01, 4.71525336e-01, 1.33524688e-01, 4.95968628e-02,\n",
       "        6.84045309e-01, 1.97779361e-01, 9.44881510e-01, 1.06043647e-02,\n",
       "        8.44380515e-01, 9.25747593e-01, 2.66196212e-01, 8.57229926e-01,\n",
       "        6.38657310e-01, 3.92516526e-01, 5.26818828e-03, 7.18644877e-01,\n",
       "        3.64801153e-02, 5.49158226e-01, 9.32499394e-01, 1.04032527e-03,\n",
       "        2.58364127e-01, 4.28111203e-03, 3.17806953e-01, 9.23458077e-02,\n",
       "        4.79522828e-01, 8.92127495e-01, 3.43390304e-02, 1.87214909e-02,\n",
       "        4.68428021e-01, 9.17262385e-01, 6.29905004e-01, 8.66271377e-02,\n",
       "        9.60194657e-01, 4.36475325e-01, 4.36559166e-01, 3.83791530e-01,\n",
       "        8.64739520e-02, 2.72546718e-01, 6.79281014e-01, 3.68030313e-01,\n",
       "        9.68788438e-01, 6.08025307e-01, 8.32835732e-01, 9.00608849e-01,\n",
       "        2.49274951e-01, 1.74899930e-01, 2.86196377e-01, 2.11724313e-01,\n",
       "        4.44698983e-01, 3.31830789e-01, 5.75522069e-01, 3.24824288e-01,\n",
       "        3.57026575e-01, 3.73738380e-01, 4.45515969e-01, 4.71683075e-01,\n",
       "        4.73268115e-01, 5.93547992e-01, 6.49568719e-01, 6.22889703e-01,\n",
       "        1.63870224e-01, 8.61364718e-01, 4.88725099e-01, 1.65482081e-01,\n",
       "        6.84122876e-01, 4.98484040e-02, 5.43733183e-01, 2.43011859e-01,\n",
       "        9.00949768e-02, 7.05570997e-01, 4.26649653e-01, 2.29010723e-01,\n",
       "        1.11197451e-01, 6.00760172e-01, 7.67989244e-01, 4.91452791e-01,\n",
       "        3.42631159e-01, 1.56456449e-01, 6.78424857e-01, 7.07863750e-01,\n",
       "        8.17807790e-01, 1.80555779e-01, 8.05181852e-01, 5.27412099e-01,\n",
       "        9.80440302e-01, 3.31941016e-01, 1.80024543e-01, 5.48489110e-01,\n",
       "        4.04010647e-01, 8.35265690e-01, 4.66181025e-01, 7.85533905e-01,\n",
       "        5.76582828e-01, 1.59291485e-01, 4.94807496e-01, 8.36785439e-01,\n",
       "        3.44614896e-01, 7.44527486e-01, 6.18314880e-01, 8.24206350e-01,\n",
       "        6.59708711e-01, 4.10374928e-01, 8.76995693e-01, 9.72177166e-01,\n",
       "        6.61156833e-01, 4.27737884e-01, 5.42653420e-02, 6.95117058e-01,\n",
       "        9.55077409e-01, 6.57124186e-01, 8.17796916e-01, 4.84292338e-01,\n",
       "        1.87361391e-01, 2.36339529e-01, 2.32000972e-01, 5.56423366e-01,\n",
       "        5.72439546e-01, 6.25867795e-01, 2.36145803e-01, 8.61165822e-01,\n",
       "        9.40418920e-01, 8.81366051e-01, 2.75309917e-01, 8.92454315e-01,\n",
       "        3.53802945e-01, 2.08429505e-01, 2.20822014e-01, 2.55907334e-02,\n",
       "        5.49938020e-01, 8.13349415e-01, 3.35538179e-01, 4.23621333e-01,\n",
       "        4.39764256e-01, 5.48835817e-01],\n",
       "       [9.64193793e-01, 4.20960412e-02, 4.45371544e-01, 5.72659741e-01,\n",
       "        9.32570994e-01, 6.12115865e-01, 7.57172842e-01, 8.43149743e-02,\n",
       "        7.99991973e-01, 6.08209921e-01, 3.73798269e-01, 3.70161187e-01,\n",
       "        9.66377350e-01, 9.10630802e-01, 8.90503852e-01, 3.28907729e-01,\n",
       "        9.67014553e-01, 7.87476583e-01, 1.95694646e-01, 3.11935383e-01,\n",
       "        1.88883547e-01, 5.35770306e-01, 3.95096895e-01, 6.84846484e-01,\n",
       "        7.46995652e-01, 1.64427830e-01, 2.04214173e-01, 7.97752951e-01,\n",
       "        8.17845956e-01, 7.35077571e-01, 8.70881654e-01, 3.49428641e-02,\n",
       "        2.42311989e-01, 6.70413354e-01, 6.46944389e-01, 7.74020134e-01,\n",
       "        4.91186929e-01, 9.98508434e-01, 3.97488365e-01, 2.78378315e-01,\n",
       "        3.90649695e-01, 4.99008576e-02, 5.25323191e-01, 8.72918293e-01,\n",
       "        2.18724321e-01, 2.70397742e-01, 6.35627247e-01, 6.39948656e-01,\n",
       "        4.29162428e-01, 2.27355479e-01, 6.87474839e-01, 4.99261950e-01,\n",
       "        6.96265819e-01, 8.01947859e-01, 2.05913998e-01, 5.84210302e-03,\n",
       "        8.79969649e-01, 1.71048155e-01, 3.95748078e-01, 7.07029885e-01,\n",
       "        3.63086672e-01, 6.54985407e-01, 1.70886024e-02, 8.09794862e-01,\n",
       "        3.17445528e-01, 3.73932344e-01, 2.03543472e-01, 3.57864062e-01,\n",
       "        4.59075244e-01, 6.45363761e-01, 6.31764964e-01, 2.55496178e-01,\n",
       "        6.23244807e-02, 9.98992715e-01, 8.42357939e-01, 7.26490524e-01,\n",
       "        8.64145599e-01, 4.28399257e-01, 1.48597366e-01, 2.97769026e-01,\n",
       "        1.22031294e-01, 6.47752472e-01, 2.00837889e-01, 1.11904814e-01,\n",
       "        2.20046387e-01, 1.71939407e-01, 4.36929913e-02, 7.32687166e-01,\n",
       "        7.02148867e-01, 2.83028793e-01, 6.54541345e-01, 3.17755008e-01,\n",
       "        7.42973485e-01, 8.78497489e-01, 2.32990829e-02, 7.23169865e-01,\n",
       "        6.40513653e-01, 4.77188721e-01, 8.54205212e-01, 3.50471982e-01,\n",
       "        6.68358155e-01, 1.18411778e-01, 5.64839072e-03, 2.71330341e-01,\n",
       "        5.70707225e-01, 9.32707492e-02, 5.03791572e-01, 9.23186966e-01,\n",
       "        2.28255437e-01, 3.32373554e-01, 7.05644668e-01, 9.39196771e-01,\n",
       "        5.01961540e-01, 2.50237053e-01, 5.53636201e-01, 6.74763995e-01,\n",
       "        3.59062679e-01, 8.40266323e-01, 9.21840844e-02, 6.25399920e-01,\n",
       "        4.26090586e-01, 3.50897003e-01, 1.01255466e-01, 4.31713395e-01,\n",
       "        2.13108367e-02, 8.72871719e-01, 3.21687329e-01, 8.06814707e-01,\n",
       "        4.06748997e-01, 6.47823877e-01, 5.39722750e-01, 5.88052599e-01,\n",
       "        3.43162139e-01, 8.97855085e-01, 8.09393057e-01, 6.46321929e-01,\n",
       "        9.97725870e-01, 4.34999193e-02, 9.47153193e-01, 6.10539644e-01,\n",
       "        9.67052532e-02, 6.77747481e-01, 9.61564253e-01, 4.67348190e-01,\n",
       "        4.32723781e-01, 3.07640493e-02, 3.21483598e-01, 7.06045140e-01,\n",
       "        4.83506021e-01, 8.50818573e-01],\n",
       "       [2.46280145e-01, 5.90733809e-01, 4.19083331e-01, 9.07866360e-01,\n",
       "        2.19071864e-01, 5.78032689e-01, 1.57617745e-02, 8.55472908e-02,\n",
       "        2.56605360e-01, 6.58983459e-01, 4.13130138e-01, 7.95937365e-01,\n",
       "        3.09789436e-01, 2.27645716e-01, 6.73885851e-01, 3.18225258e-01,\n",
       "        8.61683851e-01, 6.17960852e-01, 1.33938414e-01, 1.30461852e-01,\n",
       "        2.09424039e-01, 4.41459273e-01, 8.80284416e-01, 6.52879982e-01,\n",
       "        6.70645725e-01, 4.62824873e-01, 6.04903028e-01, 9.49694790e-01,\n",
       "        5.34113536e-02, 7.65079737e-01, 4.87960531e-01, 7.35347024e-01,\n",
       "        5.94665723e-01, 1.22656284e-02, 2.57556954e-01, 4.51922635e-01,\n",
       "        3.66504829e-02, 6.90826834e-01, 8.96363784e-01, 1.71881339e-01,\n",
       "        7.88867894e-02, 9.55434560e-01, 4.91402805e-01, 7.99044015e-01,\n",
       "        5.59379067e-01, 7.47571918e-02, 8.88836483e-01, 8.50932197e-01,\n",
       "        7.67347392e-01, 1.22647690e-01, 2.17626874e-01, 3.04642214e-01,\n",
       "        3.87034959e-01, 3.26133950e-01, 4.38238752e-02, 7.07228842e-01,\n",
       "        8.57366886e-02, 8.74049727e-01, 9.46713701e-01, 5.49494573e-01,\n",
       "        5.89932632e-02, 4.91128217e-01, 4.19536998e-01, 8.23617301e-01,\n",
       "        3.78197421e-01, 8.79859049e-01, 8.36821367e-01, 7.82074248e-01,\n",
       "        1.99473532e-01, 2.49628969e-01, 6.88877339e-01, 1.27981476e-01,\n",
       "        2.33180266e-01, 7.24303808e-01, 1.93368092e-01, 8.52642524e-01,\n",
       "        8.42875418e-01, 7.35642514e-01, 8.17060867e-03, 5.39795156e-01,\n",
       "        1.71242609e-01, 3.69619275e-01, 3.81440173e-02, 5.14930081e-02,\n",
       "        8.66627486e-01, 7.55153848e-01, 9.16814740e-01, 1.19847208e-01,\n",
       "        3.53021864e-01, 2.67581859e-02, 1.80931124e-01, 9.83551017e-01,\n",
       "        2.53970757e-01, 4.45177665e-01, 4.03943235e-01, 9.44354258e-01,\n",
       "        6.89304261e-01, 1.92694347e-01, 4.28770364e-01, 1.04320957e-01,\n",
       "        9.68540694e-01, 7.35403190e-01, 8.80521251e-01, 1.20709372e-01,\n",
       "        4.57994617e-01, 2.90340780e-01, 5.78022204e-01, 4.46580244e-01,\n",
       "        8.81338778e-01, 9.69442842e-03, 7.49306480e-01, 3.30341062e-02,\n",
       "        7.09739588e-01, 2.82977799e-01, 6.42717924e-01, 4.19668985e-02,\n",
       "        7.32287518e-02, 3.38618811e-01, 1.08866551e-01, 2.01354516e-02,\n",
       "        6.42991861e-01, 8.35562488e-01, 9.91541201e-01, 2.83405157e-02,\n",
       "        5.99168160e-01, 7.29172531e-01, 4.41282770e-02, 6.74639827e-01,\n",
       "        9.40208436e-01, 1.39050869e-01, 1.42309725e-01, 7.66757719e-01,\n",
       "        6.10896313e-01, 8.75548449e-01, 8.91458157e-01, 1.77735072e-02,\n",
       "        5.11990543e-01, 4.12165984e-01, 9.42556406e-01, 3.61886291e-01,\n",
       "        1.99377913e-01, 3.45931470e-01, 3.39936388e-01, 5.68471294e-02,\n",
       "        3.59416330e-01, 9.01325025e-01, 9.13131828e-01, 1.10376959e-01,\n",
       "        3.79116253e-01, 4.77877351e-01]])"
      ]
     },
     "execution_count": 5,
     "metadata": {},
     "output_type": "execute_result"
    }
   ],
   "source": [
    "Pd_z"
   ]
  },
  {
   "cell_type": "code",
   "execution_count": 3,
   "metadata": {},
   "outputs": [],
   "source": [
    "f = open('koubunkaiseki.csv')"
   ]
  },
  {
   "cell_type": "code",
   "execution_count": 4,
   "metadata": {},
   "outputs": [
    {
     "data": {
      "text/plain": [
       "<_io.TextIOWrapper name='koubunkaiseki.csv' mode='r' encoding='UTF-8'>"
      ]
     },
     "execution_count": 4,
     "metadata": {},
     "output_type": "execute_result"
    }
   ],
   "source": [
    "f"
   ]
  },
  {
   "cell_type": "code",
   "execution_count": 7,
   "metadata": {},
   "outputs": [],
   "source": [
    "dataReader = csv.reader(f)"
   ]
  },
  {
   "cell_type": "code",
   "execution_count": 6,
   "metadata": {},
   "outputs": [],
   "source": [
    "import csv"
   ]
  },
  {
   "cell_type": "code",
   "execution_count": 8,
   "metadata": {},
   "outputs": [
    {
     "data": {
      "text/plain": [
       "<_csv.reader at 0x10aa9c5f8>"
      ]
     },
     "execution_count": 8,
     "metadata": {},
     "output_type": "execute_result"
    }
   ],
   "source": [
    "dataReader"
   ]
  },
  {
   "cell_type": "code",
   "execution_count": 10,
   "metadata": {},
   "outputs": [],
   "source": [
    "header = next(dataReader)"
   ]
  },
  {
   "cell_type": "code",
   "execution_count": 2,
   "metadata": {},
   "outputs": [],
   "source": [
    "import pandas as pd\n",
    "dframe = pd.read_csv('koubunkaiseki.csv')"
   ]
  },
  {
   "cell_type": "code",
   "execution_count": 13,
   "metadata": {},
   "outputs": [
    {
     "data": {
      "text/html": [
       "<div>\n",
       "<style scoped>\n",
       "    .dataframe tbody tr th:only-of-type {\n",
       "        vertical-align: middle;\n",
       "    }\n",
       "\n",
       "    .dataframe tbody tr th {\n",
       "        vertical-align: top;\n",
       "    }\n",
       "\n",
       "    .dataframe thead th {\n",
       "        text-align: right;\n",
       "    }\n",
       "</style>\n",
       "<table border=\"1\" class=\"dataframe\">\n",
       "  <thead>\n",
       "    <tr style=\"text-align: right;\">\n",
       "      <th></th>\n",
       "      <th>カテゴリー</th>\n",
       "      <th>本文</th>\n",
       "      <th>驚異</th>\n",
       "      <th>ウエスト</th>\n",
       "      <th>52</th>\n",
       "      <th>センチ</th>\n",
       "      <th>スト</th>\n",
       "      <th>愛称</th>\n",
       "      <th>グラビア</th>\n",
       "      <th>アイドル</th>\n",
       "      <th>...</th>\n",
       "      <th>硬め</th>\n",
       "      <th>モッチリ</th>\n",
       "      <th>マシマシ</th>\n",
       "      <th>アブラ</th>\n",
       "      <th>削り節</th>\n",
       "      <th>マイルド</th>\n",
       "      <th>良心</th>\n",
       "      <th>6431</th>\n",
       "      <th>9219</th>\n",
       "      <th>レビュアー</th>\n",
       "    </tr>\n",
       "  </thead>\n",
       "  <tbody>\n",
       "    <tr>\n",
       "      <th>0</th>\n",
       "      <td>エンタメ</td>\n",
       "      <td>驚異のウエスト52センチで「くびれスト」の愛称でも知られるグラビアアイドルの川崎あや（27）...</td>\n",
       "      <td>1</td>\n",
       "      <td>2</td>\n",
       "      <td>4</td>\n",
       "      <td>3</td>\n",
       "      <td>1</td>\n",
       "      <td>1</td>\n",
       "      <td>7</td>\n",
       "      <td>1</td>\n",
       "      <td>...</td>\n",
       "      <td>0</td>\n",
       "      <td>0</td>\n",
       "      <td>0</td>\n",
       "      <td>2</td>\n",
       "      <td>0</td>\n",
       "      <td>0</td>\n",
       "      <td>0</td>\n",
       "      <td>1</td>\n",
       "      <td>1</td>\n",
       "      <td>0</td>\n",
       "    </tr>\n",
       "    <tr>\n",
       "      <th>1</th>\n",
       "      <td>エンタメ</td>\n",
       "      <td>ある日、偶然にも憧れの有名人にバッタリ会ってしまったら、ちょっとした「パニック」に陥ってしま...</td>\n",
       "      <td>0</td>\n",
       "      <td>0</td>\n",
       "      <td>4</td>\n",
       "      <td>0</td>\n",
       "      <td>0</td>\n",
       "      <td>0</td>\n",
       "      <td>0</td>\n",
       "      <td>0</td>\n",
       "      <td>...</td>\n",
       "      <td>0</td>\n",
       "      <td>0</td>\n",
       "      <td>0</td>\n",
       "      <td>0</td>\n",
       "      <td>0</td>\n",
       "      <td>0</td>\n",
       "      <td>0</td>\n",
       "      <td>5</td>\n",
       "      <td>9</td>\n",
       "      <td>0</td>\n",
       "    </tr>\n",
       "    <tr>\n",
       "      <th>2</th>\n",
       "      <td>エンタメ</td>\n",
       "      <td>Do As Infinityが7月7日(土)横浜ランドマークホールにて、約2年ぶりとなるツア...</td>\n",
       "      <td>0</td>\n",
       "      <td>0</td>\n",
       "      <td>1</td>\n",
       "      <td>0</td>\n",
       "      <td>0</td>\n",
       "      <td>0</td>\n",
       "      <td>0</td>\n",
       "      <td>0</td>\n",
       "      <td>...</td>\n",
       "      <td>0</td>\n",
       "      <td>0</td>\n",
       "      <td>0</td>\n",
       "      <td>0</td>\n",
       "      <td>0</td>\n",
       "      <td>0</td>\n",
       "      <td>0</td>\n",
       "      <td>0</td>\n",
       "      <td>1</td>\n",
       "      <td>0</td>\n",
       "    </tr>\n",
       "    <tr>\n",
       "      <th>3</th>\n",
       "      <td>エンタメ</td>\n",
       "      <td>「自分の曲を聴いて、みなさんにポジティブになってほしい」とMCで語ったBeverlyの思いが...</td>\n",
       "      <td>0</td>\n",
       "      <td>0</td>\n",
       "      <td>0</td>\n",
       "      <td>0</td>\n",
       "      <td>0</td>\n",
       "      <td>0</td>\n",
       "      <td>0</td>\n",
       "      <td>0</td>\n",
       "      <td>...</td>\n",
       "      <td>0</td>\n",
       "      <td>0</td>\n",
       "      <td>0</td>\n",
       "      <td>0</td>\n",
       "      <td>0</td>\n",
       "      <td>0</td>\n",
       "      <td>0</td>\n",
       "      <td>0</td>\n",
       "      <td>0</td>\n",
       "      <td>0</td>\n",
       "    </tr>\n",
       "    <tr>\n",
       "      <th>4</th>\n",
       "      <td>エンタメ</td>\n",
       "      <td>柳沢慎吾 （C）ORICON NewS inc.タレントの柳沢慎吾が10日、東京・六本木のテ...</td>\n",
       "      <td>0</td>\n",
       "      <td>0</td>\n",
       "      <td>3</td>\n",
       "      <td>0</td>\n",
       "      <td>0</td>\n",
       "      <td>0</td>\n",
       "      <td>0</td>\n",
       "      <td>0</td>\n",
       "      <td>...</td>\n",
       "      <td>0</td>\n",
       "      <td>0</td>\n",
       "      <td>0</td>\n",
       "      <td>0</td>\n",
       "      <td>0</td>\n",
       "      <td>0</td>\n",
       "      <td>0</td>\n",
       "      <td>1</td>\n",
       "      <td>3</td>\n",
       "      <td>0</td>\n",
       "    </tr>\n",
       "    <tr>\n",
       "      <th>5</th>\n",
       "      <td>エンタメ</td>\n",
       "      <td>竹内涼真《かっこよすぎてヤバイ！》この記事のすべての写真を見る《鼻血、出ちゃう♪》7月4日発...</td>\n",
       "      <td>0</td>\n",
       "      <td>0</td>\n",
       "      <td>5</td>\n",
       "      <td>0</td>\n",
       "      <td>0</td>\n",
       "      <td>0</td>\n",
       "      <td>0</td>\n",
       "      <td>0</td>\n",
       "      <td>...</td>\n",
       "      <td>0</td>\n",
       "      <td>0</td>\n",
       "      <td>0</td>\n",
       "      <td>0</td>\n",
       "      <td>0</td>\n",
       "      <td>0</td>\n",
       "      <td>0</td>\n",
       "      <td>4</td>\n",
       "      <td>6</td>\n",
       "      <td>0</td>\n",
       "    </tr>\n",
       "    <tr>\n",
       "      <th>6</th>\n",
       "      <td>エンタメ</td>\n",
       "      <td>【セブンルール／モデルプレス＝7月10日】新感覚ドキュメンタリー番組「セブンルール」（カンテ...</td>\n",
       "      <td>0</td>\n",
       "      <td>0</td>\n",
       "      <td>5</td>\n",
       "      <td>0</td>\n",
       "      <td>0</td>\n",
       "      <td>0</td>\n",
       "      <td>0</td>\n",
       "      <td>0</td>\n",
       "      <td>...</td>\n",
       "      <td>0</td>\n",
       "      <td>0</td>\n",
       "      <td>0</td>\n",
       "      <td>0</td>\n",
       "      <td>0</td>\n",
       "      <td>0</td>\n",
       "      <td>0</td>\n",
       "      <td>3</td>\n",
       "      <td>7</td>\n",
       "      <td>0</td>\n",
       "    </tr>\n",
       "    <tr>\n",
       "      <th>7</th>\n",
       "      <td>エンタメ</td>\n",
       "      <td>掲載：M-ON! MUSIC“楽しみながら走る”をモットーに、観光あり、買い食いあり（!?）...</td>\n",
       "      <td>0</td>\n",
       "      <td>0</td>\n",
       "      <td>0</td>\n",
       "      <td>0</td>\n",
       "      <td>0</td>\n",
       "      <td>0</td>\n",
       "      <td>0</td>\n",
       "      <td>0</td>\n",
       "      <td>...</td>\n",
       "      <td>0</td>\n",
       "      <td>0</td>\n",
       "      <td>0</td>\n",
       "      <td>1</td>\n",
       "      <td>0</td>\n",
       "      <td>0</td>\n",
       "      <td>0</td>\n",
       "      <td>2</td>\n",
       "      <td>0</td>\n",
       "      <td>0</td>\n",
       "    </tr>\n",
       "    <tr>\n",
       "      <th>8</th>\n",
       "      <td>エンタメ</td>\n",
       "      <td>『ヒットマン ディフィニティブ・エディション』『ヒットマン2』PR大使「マフィア梶田」が\"鮮...</td>\n",
       "      <td>0</td>\n",
       "      <td>0</td>\n",
       "      <td>4</td>\n",
       "      <td>0</td>\n",
       "      <td>0</td>\n",
       "      <td>0</td>\n",
       "      <td>0</td>\n",
       "      <td>0</td>\n",
       "      <td>...</td>\n",
       "      <td>0</td>\n",
       "      <td>0</td>\n",
       "      <td>0</td>\n",
       "      <td>0</td>\n",
       "      <td>0</td>\n",
       "      <td>0</td>\n",
       "      <td>0</td>\n",
       "      <td>0</td>\n",
       "      <td>5</td>\n",
       "      <td>0</td>\n",
       "    </tr>\n",
       "    <tr>\n",
       "      <th>9</th>\n",
       "      <td>エンタメ</td>\n",
       "      <td>7月14日にテレビ東京系で放送される『出川哲朗の充電させてもらえませんか？2時間半SP』(1...</td>\n",
       "      <td>0</td>\n",
       "      <td>0</td>\n",
       "      <td>3</td>\n",
       "      <td>0</td>\n",
       "      <td>0</td>\n",
       "      <td>0</td>\n",
       "      <td>0</td>\n",
       "      <td>0</td>\n",
       "      <td>...</td>\n",
       "      <td>0</td>\n",
       "      <td>0</td>\n",
       "      <td>0</td>\n",
       "      <td>0</td>\n",
       "      <td>0</td>\n",
       "      <td>0</td>\n",
       "      <td>1</td>\n",
       "      <td>2</td>\n",
       "      <td>2</td>\n",
       "      <td>0</td>\n",
       "    </tr>\n",
       "    <tr>\n",
       "      <th>10</th>\n",
       "      <td>エンタメ</td>\n",
       "      <td>きょう10日に放送されるカンテレ・フジテレビ系番組『セブンルール』(毎週火曜23:00～)で...</td>\n",
       "      <td>0</td>\n",
       "      <td>0</td>\n",
       "      <td>3</td>\n",
       "      <td>0</td>\n",
       "      <td>0</td>\n",
       "      <td>0</td>\n",
       "      <td>0</td>\n",
       "      <td>0</td>\n",
       "      <td>...</td>\n",
       "      <td>0</td>\n",
       "      <td>0</td>\n",
       "      <td>0</td>\n",
       "      <td>0</td>\n",
       "      <td>0</td>\n",
       "      <td>0</td>\n",
       "      <td>0</td>\n",
       "      <td>2</td>\n",
       "      <td>3</td>\n",
       "      <td>0</td>\n",
       "    </tr>\n",
       "    <tr>\n",
       "      <th>11</th>\n",
       "      <td>エンタメ</td>\n",
       "      <td>【写真】『プーと大人になった僕』ムビチケ特典の特製ポストカード3枚セットこの度、海外向けのポ...</td>\n",
       "      <td>0</td>\n",
       "      <td>0</td>\n",
       "      <td>0</td>\n",
       "      <td>0</td>\n",
       "      <td>0</td>\n",
       "      <td>0</td>\n",
       "      <td>0</td>\n",
       "      <td>0</td>\n",
       "      <td>...</td>\n",
       "      <td>0</td>\n",
       "      <td>0</td>\n",
       "      <td>0</td>\n",
       "      <td>0</td>\n",
       "      <td>0</td>\n",
       "      <td>0</td>\n",
       "      <td>0</td>\n",
       "      <td>4</td>\n",
       "      <td>1</td>\n",
       "      <td>0</td>\n",
       "    </tr>\n",
       "    <tr>\n",
       "      <th>12</th>\n",
       "      <td>エンタメ</td>\n",
       "      <td>未成年女性との飲酒で活動自粛し、6月26日に芸能活動再開を発表したNEWSの小山慶一郎。謹慎...</td>\n",
       "      <td>0</td>\n",
       "      <td>0</td>\n",
       "      <td>1</td>\n",
       "      <td>0</td>\n",
       "      <td>0</td>\n",
       "      <td>0</td>\n",
       "      <td>0</td>\n",
       "      <td>0</td>\n",
       "      <td>...</td>\n",
       "      <td>0</td>\n",
       "      <td>0</td>\n",
       "      <td>0</td>\n",
       "      <td>0</td>\n",
       "      <td>0</td>\n",
       "      <td>0</td>\n",
       "      <td>1</td>\n",
       "      <td>1</td>\n",
       "      <td>1</td>\n",
       "      <td>0</td>\n",
       "    </tr>\n",
       "    <tr>\n",
       "      <th>13</th>\n",
       "      <td>エンタメ</td>\n",
       "      <td>7月9日（月）の夜に開催されたNGT48の劇場公演で、9月26日（水）に4thシングルをリリ...</td>\n",
       "      <td>0</td>\n",
       "      <td>0</td>\n",
       "      <td>7</td>\n",
       "      <td>0</td>\n",
       "      <td>0</td>\n",
       "      <td>0</td>\n",
       "      <td>0</td>\n",
       "      <td>0</td>\n",
       "      <td>...</td>\n",
       "      <td>0</td>\n",
       "      <td>0</td>\n",
       "      <td>0</td>\n",
       "      <td>0</td>\n",
       "      <td>0</td>\n",
       "      <td>0</td>\n",
       "      <td>0</td>\n",
       "      <td>6</td>\n",
       "      <td>14</td>\n",
       "      <td>0</td>\n",
       "    </tr>\n",
       "    <tr>\n",
       "      <th>14</th>\n",
       "      <td>エンタメ</td>\n",
       "      <td>史上初の永世七冠を達成し、国民栄誉賞も受賞した「羽生善治竜王」や、最年少で七段に昇段した「藤...</td>\n",
       "      <td>1</td>\n",
       "      <td>0</td>\n",
       "      <td>1</td>\n",
       "      <td>0</td>\n",
       "      <td>0</td>\n",
       "      <td>0</td>\n",
       "      <td>0</td>\n",
       "      <td>0</td>\n",
       "      <td>...</td>\n",
       "      <td>0</td>\n",
       "      <td>0</td>\n",
       "      <td>0</td>\n",
       "      <td>0</td>\n",
       "      <td>0</td>\n",
       "      <td>0</td>\n",
       "      <td>0</td>\n",
       "      <td>0</td>\n",
       "      <td>2</td>\n",
       "      <td>0</td>\n",
       "    </tr>\n",
       "    <tr>\n",
       "      <th>15</th>\n",
       "      <td>エンタメ</td>\n",
       "      <td>吉岡は「お誕生日おめでとうございます」と祝福の言葉とともに、プレゼントを紹介。全国の醤油を集...</td>\n",
       "      <td>0</td>\n",
       "      <td>0</td>\n",
       "      <td>0</td>\n",
       "      <td>0</td>\n",
       "      <td>0</td>\n",
       "      <td>0</td>\n",
       "      <td>0</td>\n",
       "      <td>0</td>\n",
       "      <td>...</td>\n",
       "      <td>0</td>\n",
       "      <td>0</td>\n",
       "      <td>0</td>\n",
       "      <td>0</td>\n",
       "      <td>0</td>\n",
       "      <td>0</td>\n",
       "      <td>0</td>\n",
       "      <td>0</td>\n",
       "      <td>0</td>\n",
